12.11 Rework Exercise 11 using the balanced merge method.

37 9 23 56 4 5 12 45 78 22 33 44 14 17 57 11 35 46 59

********************************************************************************
Resolve by: Hieu Vu
********************************************************************************

Step 1:
  File 1: 37 | 4 5 12 45 78 | 14 17 57
  File 2: 9 23 56 | 22 33 44 | 11 35 46 59

Step 2:
  File 1: 9 23 37 56 | 11 14 17 35 46 57 59
  File 2: 4 5 12 22 33 44 45 78

Step 3:
  File 1: 4 5 9 12 22 23 33 37 44 45 56 78
  File 2: 11 14 17 35 46 57 59

After Sort:
  File 3: 4 5 9 11 12 14 17 22 23 33 35 37 44 45 46 56 57 59 78
