9.2 Make a heap out of the following data read from the keyboard:
    23 7 92 6 12 14 40 44 20 21

********************************************************************************
Resolve by: Hieu Vu
********************************************************************************

Step 1: 23 | 7 92 6 12 14 40 44 20 21
Step 2: 23 7 | 92 6 12 14 40 44 20 21
Step 3: 92 7 23 | 6 12 14 40 44 20 21
Step 4: 92 7 23 6 | 12 14 40 44 20 21
Step 5: 92 12 23 6 7 | 14 40 44 20 21
Step 6: 92 12 23 6 7 14 | 40 44 20 21
Step 7: 92 12 40 6 7 14 23 | 44 20 21
Step 8: 92 44 40 12 7 14 23 6 | 20 21
Step 8: 92 44 40 20 7 14 23 6 12 | 21
Step 9: 92 44 40 20 21 14 23 6 12 7 |
